40 3
22692547 44363316 32293980 91294194 128623639 73637112 152861970 20124985 8055649 38875229 71169209 46930878 85806107 61567776 67055863 167498868 42817532 10523552 89748410 81692761 59000214 104385308 34761883 96329659 119022206 9601433 24238331 25160450 37329445 120567990 49398781 56532311 143260537 57454430 105931092 138225072 14636898 72091328 4113346 113986741
46930878 81692761 14636898
75 4
85819675 97579612 79990689 109339549 154050427 17588923 92766776 128498253 11759937 55237123 82141536 114369927 45123025 15556623 16572773 24536024 124484025 47155325 21603151 135227812 164794214 73043588 69365449 123467875 57899112 7963251 30701099 1016150 26904413 43477186 138905951 102609990 92885323 54102426 2661989 5030378 15438076 34379238 101593840 63200374 4812836 60267501 115386077 41326339 30582552 28332710 111707938 98931851 28550252 100241601 94917623 70675199 84803525 93901473 21874035 153034277 14128326 148003899 72027438 105661410 50424287 67214602 87465514 96563462 56253273 33363088 136243962 43694728 16790315 8081798 63945640 37648200 177570301 126129864 141274340
38664350 29566402 84803525 12776087
38 7
205634307 120433061 8108699 125694223 116028984 8548110 122815296 166187645 15598620 54274086 206908845 106401017 108616527 81528669 95560713 38088733 133357357 85075933 147687644 11467229 100821875 50538346 65343316 230506655 78109486 234163428 162194371 110394291 177821154 150566571 52120777 29401738 85521943 88774401 4410231 45028521 184418732 38721812
24872348 27254583 72276950 69455304 3964666 52406216 28608
35 10
214099826 26410197 92021429 228794887 32976805 103164590 60110207 65277963 95351700 229226466 126145982 131867520 139319248 119154831 217541224 137946565 189748847 229290739 66047346 121698955 131922892 192972580 149058322 261288495 125343843 163920648 80861325 20208744 232874043 188893424 48303661 168174690 86853673 109156859 289440443
71899219 76153261 13975405 39901463 26276105 53468852 30794374 39036017 84661219 5908219
48 8
98775545 139534893 151719316 148537668 81820738 77076550 91818494 163216035 162305342 158658823 119398438 12437244 114930926 90593471 39818823 130575184 20064455 13888444 60207269 155061398 123703659 184829504 196236523 69636315 94560024 129195154 12415295 41061390 61037185 171197069 91836038 110186738 43966362 93317457 86878970 82944311 78639090 5227216 224959976 286298701 99099692 61449836 102209184 49834123 57483283 189297016 172107762 130105847
20388446 33110188 6939507 40759348 85228792 89376331 2278606 50573608
13 2
62303632 104797538 129984708 55751784 25187170 92868246 67681076 42493906 79610368 30564614 11929292 37116462 5377444
25187170 67681076
40 3
120215665 164428325 62402321 69261995 7714674 156713651 32764009 102026004 251879981 149853977 139378990 76976669 157568651 80591982 245020307 14574348 44212660 123949642 36497986 226830646 87451656 189477660 54687647 6859674 219115972 175758312 94311330 855000 25049335 95166330 131664316 113355991 25904335 182617986 314282302 18189661 50953670 70116995 61547321 88306656
87451656 69261995 62402321
38 4
46811119 118441905 153671256 24556741 71499323 82149044 143130109 49244945 57615192 49136371 71607897 10781184 35469388 175925634 32926988 143238683 71390749 131525452 129091626 118550479 23457754 153779830 10672610 131463 46702545 96296101 93753701 225302042 57723766 106837248 33035562 11473194 82411970 35360814 178468034 200613838 96187527 240037
82280507 46942582 24688204 108574
51 8
126418677 238137454 17650639 114702118 265825619 49617967 75816081 4726945 35807912 96423510 158148762 103253575 76652577 196654792 128090007 57307212 4328498 89119782 59061027 275922344 6787101 210778219 50118422 11721768 78750087 113881052 2473128 66555852 25614934 128667173 34900559 77477657 112005143 126894288 86521817 6774590 127243757 110232258 399144 43315248 156375877 208666249 72348570 209005334 23940847 155550797 55534327 57389697 13494653 277695229 22167962
29033322 29132120 80321636 1772885 81999737 50517566 12251744 83690349
44 6
52651318 131521266 59536196 3945246 54443994 95025924 165625894 81736662 24389495 120933492 30195841 39398515 67696797 82742276 67733256 159819548 129130552 60884837 110034944 115127146 58530582 25395109 33592169 132526880 39434974 31201455 52687777 76935930 73539602 64336928 50297063 86828864 45241320 100832270 40440588 61890451 66691183 31237914 137327612 37044260 21998781 101837884 92635210 123324206
55590950 28298282 70636429 36495342 72576321 2903173
82 6
143860256 71097835 215242364 55115362 142597007 288493875 89929401 44703490 24908867 61949212 244074658 277964939 224168302 96290975 44586426 234697238 8018357 6772262 306079346 201129294 69005747 98177790 152162886 299022811 22131427 43740433 197656893 19622083 12794345 165636015 313135881 23323281 907581 204713428 136803721 17852332 58476811 65644298 67742498 122802384 48058827 149653542 58587763 34174554 55476 37529891 80592319 172692550 17529995 208185829 7001059 75762090 23645618 105857633 89234440 295550410 180071422 171429301 46473241 101310442 72478148 15074892 78154370 157616423 91121255 133331320 45966739 82818625 87648854 241753773 196071307 66779441 38910204 190600358 30151019 94476592 126274785 24357733 132068071 51420276 84064720 28381268
7056535 64325573 97893517 10528936 58532287 8302630
24 10
88395117 14625597 44600385 12947913 32226192 48311254 3127001 113339510 189002863 131255522 138507787 44661839 100629292 26741649 61720321 92254300 45915800 7736742 23851200 153091019 80020125 35116641 46681361 55056353
26401946 4462939 10359219 21035016 40610537 38393733 19485054 83614011 91554086 55035309
14 7
85012760 13819086 46996504 29854030 76425630 41716629 74894047 4145062 63031448 16870510 73690262 71494189 87084444 43248212
88663946 33505216 29777560 45367815 57675103 91810554 92740036
79 8
38313072 145624767 124937681 35531601 138406208 134887401 124543858 31875685 136168066 128487927 7275969 52774111 39199914 59843164 146018590 56187248 87823040 28356878 121313204 65717551 120820185 173486576 28462548 52778441 42718721 170705105 100232295 139293050 31981355 159592787 56292918 145730437 70884955 41438056 131269398 74308533 14367860 31138349 152799490 69267797 46336724 122081979 31587532 134394382 37855742 56785937 132156240 49118195 52668441 149249244 77090004 117762958 62624635 155580961 121418874 43211740 24806632 6901017 40637213 128555684 66636461 106876086 163686362 22071371 167205169 149742263 149143574 13919760 114981487 84304233 70730036 49050438 13910610 142074521 22025161 131337155 53062264 110969661 17149331
24311563 31530122 21186579 2781471 3550246 9850524 88803061 33327807
58 6
71137188 143624224 86024730 123356138 35657576 110701838 193646901 13213710 36953082 71026859 17622732 149439081 36842753 27756775 51840624 13103381 128736682 242407858 37890818 149328752 159573124 325463250 42533988 105010603 8460211 32399945 26819039 94876560 335597293 106292816 183512858 91515603 25523533 315329207 46102310 41596252 110812167 56249646 232273815 133490181 115144646 81160902 139194709 152786745 66383689 47087125 81381560 177711294 96158773 21955211 2969338 91405274 187845337 51730295 120946210 191413659 76517732 23347753
68057521 10134043 38626914 82945063 93189435 81271231
38 5
13830847 338551397 25073759 138013723 156012471 34799481 409610821 83435857 236797617 84890271 81575129 267491973 46042393 126770811 218798869 45985665 105858905 60606495 727207 55711387 70332217 162360275 152634553 243145421 197886963 172085997 57228577 10452929 248040529 165738193 233419699 92755265 80057939 96133183 317582763 222176787 141391641 66954299
95405976 71059424 92028058 80785146 75575207
64 8
100383150 276119910 123434530 54496840 104354842 39756044 705426 4377426 3369592 100131840 62807424 50825738 197050948 72845352 75887560 136064027 46685080 110336167 256110738 33765430 41232536 141812269 4940534 126292570 31100806 63437216 183970812 195323146 186634978 193564014 4147368 65471590 40694466 6204485 180928604 59765216 215492804 15481035 51110436 135885772 136514666 63745846 101859642 56658891 133565802 126636766 154749207 199715114 205705728 59013918 110170226 14978920 31101264 16277226 206644150 160758946 146107868 19303746 170890676 111452844 18020670 85480762 55878388 128489678
69475760 13080136 79068962 95191306 31742573 72139926 26723380 7895002
35 9
56516678 160322043 129792205 97379879 13439250 113959687 113831858 264299323 73780963 31401126 79566971 117913938 102021440 193613065 79853604 10980232 90090170 164184921 22858499 55697454 54773470 214970109 374669393 278790969 51236252 112969492 289491489 203091842 140875358 136414156 53776778 320187315 182557783 71738654 57251215
6072641 34392716 20089362 36491281 96918171 76453181 76696773 96055805 60975246
43 8
117625828 92152961 230764760 164420135 14409327 33012903 87735483 78431020 65983702 85369283 7858855 220278260 240773483 21390858 123450279 14869070 143924912 6810546 163788270 210853966 153301770 51281203 36610431 183221287 53169626 125123760 57104739 301787183 80530916 171624702 71970778 66515610 74009128 247978050 146875541 48536261 116244797 84784854 3922827 125655668 153933635 172734787 12830720
18801152 19399004 10486500 86839848 71476357 42724781 33488245 66942477
37 7
52319569 7077193 140780984 221127005 70927338 7411719 214424507 56565919 157276860 188766438 66748379 35966701 7987447 39758353 145449895 21834066 108420417 69282833 144069994 50627120 3678170 160925504 144947253 13223025 48982615 213968951 211087553 129328636 12312771 80579483 200593403 229444560 50675064 120247382 20174046 72523865 67938186
80346021 11826965 78701516 94320133 92532620 62924376 79611770
13 6
205126682 135973228 130710300 113213328 60875934 171833216 153470200 162651708 120176734 139891808 124429474 27582468 299194764
33293466 79451221 78841547 42474974 72125374 48520001
32 7
62091098 315185478 173665369 32430745 54224184 44887407 79472455 264911806 61767901 167085666 28912691 5167009 14586237 25654754 64215275 47682193 207556321 47358996 156284012 64562687 29977639 59213861 141880839 303561524 276535760 97863579 237886042 66116761 130256885 207313673 17306206 226262088
38649718 96005203 30301170 89692363 16945476 22757453 18434568
40 3
209777026 1828212 124133190 15756174 13194802 61152489 144968113 47224527 146796325 49052739 13927962 22663135 158162915 49785899 171357717 35857937 97010426 76908663 83815624 51614111 112766600 148624537 173919089 270929515 110938388 62980701 207948814 74347291 108377016 27122764 47957687 85643836 159991127 45396315 221143616 34029725 11366590 110205228 95182214 98838638
61152489 97010426 62980701
49 7
43419948 173359489 46642828 41604381 85917280 11408446 146436652 56633369 187661485 180365427 96411150 111546782 217290697 118467701 81374749 104651720 110713146 125848778 42357309 119787352 165229795 149416564 33528391 48418735 74368811 43769560 142760238 158223857 54968417 177385515 134280932 222804056 2579528 44022261 245427330 5157713 127274994 13073398 74718423 123813378 52347850 73535175 10655518 87582232 202155065 65462287 103164387 186341834 17469872
67874133 40854385 61812707 22623274 54806769 56339629 17881499
28 9
148502275 151286569 17687136 32378626 120175588 34592949 152829077 136339258 25004318 40099347 124176241 13282944 49927255 139565195 68711899 38205881 49330352 68980688 37167335 5524119 3435380 254188391 128023301 117961265 61051726 47142961 135952263 26663987
11721374 19650336 83799418 86966936 62764785 12163017 71068500 76277107 38346089
34 3
93468426 208504900 153127342 59097808 11064578 78683598 39622353 89187068 53846073 109784739 198001430 14784828 203253165 103971896 44874088 138342514 99281269 104533004 83935333 50125823 113504989 9533093 64910651 5251735 59658916 20036563 143594249 48594338 33809510 108253254 5812843 148845984 561108 118756724
59658916 5251735 98720161
40 3
92720084 167934676 121252938 129593556 16590478 52524592 13796748 44183974 24931096 30387226 68728346 189981284 159594058 112912320 8249860 60478486 206662520 46681738 176275294 68819104 90865712 8340618 115796808 22137366 198321902 137547450 99206330 77068964 38727844 22046608 99115572 5456130 55022356 52137868 85409582 107456190 35843356 145888068 129206832 82525094
77068964 30387226 8340618
54 10
141279816 276935443 51590339 75928608 34591847 165812807 54725417 61138553 91279773 49853430 4669496 52124219 4725374 67844208 33340986 121948708 179389692 80875430 3358147 142979931 155439809 101335309 87848781 244742521 21824108 88875431 43276652 245253619 70401010 124774094 108829917 1980281 131257660 20763514 124505510 57462647 57129759 260429721 115243053 261248243 80898732 58829874 141953281 221329738 87175316 72487430 118797782 97381152 167225238 26770930 207143743 190638021 105381153 197595529
54615598 9766493 57676436 2022922 50612745 16505722 50881295 21389861 73002595 42930153
16 10
134751310 265134405 151808270 159003475 257222517 297046524 151091587 15015738 142663198 22927626 52797988 141946515 143896382 289134636 44886100 7989452
70840511 58581071 68409900 73365153 75989866 33261880 4572536 82841183 92962927 2942986
21 4
8772301 63374704 236723773 161689290 83815456 107086887 15661150 85254859 127518967 64822779 117977107 98798090 5932950 33491807 182121370 108526290 53923887 93543656 141257210 105686939 13059727
28720877 20432080 73595080 54602403
10 5
81595304 29256589 208427218 30765708 62719302 123116390 105374716 38939890 96182015 122741599
50829596 93485010 60022297 76941049 603785
12 4
11155083 159079434 76541481 11088999 237266563 328718103 76607565 67098130 237200479 328652019 67032046 159013350
80329499 78187129 91451540 78716893
82 8
18344299 161305178 89518618 86145754 32757377 251514081 101371863 101233096 89379851 158082303 103887713 169407767 70087275 27574402 95839434 94956263 79363756 138308324 23352237 63856820 103105230 240927117 88637842 54441551 29446536 96094104 63768854 12994620 86864001 95883417 76408091 67693261 147582410 116482967 273339438 139534131 201733017 32669411 100018511 112569782 114343623 84412387 102113872 237927469 105113520 117664791 120664439 111343975 101189113 79407739 12950637 94912280 132376522 98102394 64320397 95795451 94868297 73086923 78181932 123058453 58375192 85638194 177757094 126982860 57538399 304902458 194276755 111387958 21343947 163177312 107208881 128164684 106339327 177801077 399366 245193265 167399477 54538751 133213315 62587030 43169304 119791595
36194452 31099443 68519702 21825357 21869340 31563020 60654173 95375857
13 2
83278140 37180525 46097615 5301146 38865727 8917090 79662196 76046252 33564581 3615944 1685202 42481671 40796469
3615944 37180525
34 9
182921147 317502171 263137455 321305609 81593169 509995613 123616486 5354310 60455249 138106720 92640317 204328473 207891209 6876363 90914073 20774083 1461830 90191020 114763700 191033630 288993691 40331096 147005033 106538037 77619230 175579291 290219277 186980055 237513237 760093 10202086 177702354 237285863 213116186
92277043 84665218 98562938 98619203 74631274 92232964 6119522 38078700 53534807
13 2
41304949 41904924 60582718 92548770 51243821 35260795 15983026 9938872 9338897 25921898 67226847 76565744 25321923
51243821 25321923
91 5
11834053 35107418 94916708 232474141 113057704 242747551 56228892 84643298 262908302 31696362 76775712 131154191 1946712 23068186 84068644 52243182 213947076 242361482 1560643 122900536 141858179 299576363 187983003 159138019 113443773 63521824 19560831 15189052 169842007 141427601 102353716 216783478 66502302 177709593 79840941 215966831 23873285 205693421 22682117 271161957 16005699 58248647 30935772 84212720 94486130 123717183 83251997 105190118 188369072 18600108 252634892 253020961 151314942 141041532 9287421 148864609 260888547 234493896 206510068 167005605 47975237 66116233 234924474 178095662 60110768 73795234 196236658 130768122 167822252 45380828 62130523 91936230 206079490 177279015 224220486 149295187 20087708 309849773 195806080 32955527 55654238 70384178 131584769 120880781 103170363 185532670 73939310 5732289 224651064 41969772 112627126
10273410 68062945 64651889 28414406 46941471
37 4
75055223 92894325 90241027 122315585 118200534 103489904 59255531 64459644 79170274 48184778 94807940 76619459 106040719 67937495 100836606 70488310 115547236 102400842 73966161 161345845 111082806 119764770 49749014 60344593 134475400 82648125 61806346 97358755 88676791 146635215 10760225 129271287 149186030 47095716 91330089 86125976 33474148
14710630 43145311 8681964 26870445
22 10
23646965 104754417 70758696 90615282 51369959 137727013 48845313 112528665 92810153 148129895 84999481 149645758 56619561 5296932 75072686 110004019 13955326 16479972 68563825 233922018 150283124 84320473
2194871 8532408 16768473 68632545 45376087 57426567 1262323 89537779 31565207 67125122
25 9
3901568 138112559 27069474 135401684 14366363 214613299 248937683 112233778 16549137 102251266 27052476 65758557 12090824 12644856 18731911 9908050 114944653 29235250 59181045 35812762 86192264 63024358 42590651 1408654 2427385
61746402 5816242 2182774 81387898 24149934 35386136 71825901 5341085 42482777
27 6
101482281 228192593 181971674 87401226 101106054 136522729 58055355 111842072 137346599 112252412 47285224 4921979 43560770 9436190 43526657 71429430 33614509 4887866 44384640 147292860 97381600 8612320 97347487 81789221 203511936 5711736 192741805
91635751 9946261 52996960 10770131 12220423 27778689
13 2
123148178 193814746 70666568 97785898 25362280 219177026 121391128 96028848 168452466 27119330 23605230 1757050 72423618
25362280 97785898
11 6
61779947 58245352 157448747 25781123 46412072 41148998 104353569 124984518 119721444 136817798 78876301
13146790 7230150 9197226 20630949 91614935 23987778
85 6
145398889 29066124 199834649 53556398 101032017 272180241 254270409 158523388 146848609 690127683 24660490 427854619 49651868 3334172 180838854 118076988 139527593 44645433 135607121 162427918 159388249 144897785 82637023 102497679 198244700 193963353 373418859 63641228 109078121 86541553 77630588 22329967 295581670 104087628 107992158 85091833 26234497 102120862 123948284 28201263 98216332 155467777 213824009 92412849 16526484 37909276 115746465 8324665 231354142 160474212 137937644 102621966 99081193 75679764 219695305 61310705 178384044 223236078 274131065 83501884 241145910 54642361 206601 191700643 88492377 133656297 235274614 289710374 12245137 47685102 33191756 23194828 57769932 204825142 332107598 32105793 246136403 10655188 51602692 143808940 95953622 43780572 90462025 229403318 236360577
95747021 54435760 75886365 60307056 77837189 63641228
13 2
101375455 59893123 3835716 63728839 24576882 76798573 16905450 97539739 80634289 20741166 56057407 105211171 84470005
80634289 3835716
85 4
4813382 45115293 31664142 59348043 10980445 42644587 21651235 45613008 23464058 46554775 53625032 34632563 34134848 31973797 7567972 9729023 69709178 6476718 38638575 48367598 33825193 44993698 10670790 20993352 15484172 17929107 38328920 29219207 15174517 49309365 23154403 17147508 18238762 26154962 44805638 66954588 20090158 17335568 6355123 59038388 58728733 28909552 1251422 28316013 94424658 309655 6974433 31380258 42051048 12483613 56283798 7258317 18548417 70018833 45303353 4315667 6167063 48057943 10322562 23652118 4194072 4503727 73083078 37387153 31070603 34322908 80689623 16987340 55786083 20399813 21303007 52373610 34444503 42954242 49619020 17645223 32283452 74024845 27967785 83753868 9419368 20709468 6664778 38948230 27658130
10670790 38638575 10980445 13735035
21 4
35951723 34319710 57203553 80410969 36598869 60442408 34643283 37558565 57527126 59482712 48352321 30662919 51591176 28707333 14674722 33996137 53964698 27100491 13067880 16630308 59159139
3238855 22883843 35297503 26446271
13 3
31095455 40176325 27528146 17470047 75116419 95232617 85174518 104313487 60292523 7411948 50234424 36609016 8159712
29197068 67704471 10058099
63 4
345944 94183818 81342280 13467337 40766578 76660390 135105464 193395470 22897206 13312269 18668862 21751772 58791018 54407606 26953297 31336709 80196846 22426475 152974836 27108365 103267743 68220887 175526098 54562674 44977737 3882400 107651155 121638127 5027834 66729509 50351515 117081024 63992543 30990765 99211652 62327474 89781783 32482143 72432046 185111035 117236092 40921646 76314446 9083925 220849779 62847109 108796589 71757343 13986972 85099893 94983308 36538234 85398371 126665961 53887971 67528999 202980407 157656726 125520527 90301418 81861915 4557103 49206081
17869372 27454309 76314446 67874943
73 7
114970796 124534611 34617889 51628729 138961246 168853582 41344635 85332034 263357189 49672033 59547916 87659550 36888764 43787 226607093 96475010 89150545 80000398 170428805 119847388 69447422 151467318 50909454 206030650 153701211 41046081 124870302 18975190 143372137 97093355 58822180 117210146 4265901 148395051 97477943 263692880 55472716 131945503 207645606 96757664 236046947 55160648 166643312 115436497 6877075 3312138 78561436 135510440 97224369 193960607 85702854 18204474 69375156 30031004 13699706 130902198 250131842 59258209 27790650 142622778 124876351 37224455 61928131 116927492 90638194 3800200 193983226 26957733 60261142 119999759 231170355 64570830 135429327
92209109 33424255 86896488 23524749 3785493 18248261 97951298
13 2
43253489 2654334 1894691 36050130 81957953 41358798 79303619 45148180 122557108 38704464 4549025 40599155 83852644
38704464 43253489
31 4
119384395 10023295 26945676 102462014 27838589 102254584 47470319 66401261 100660883 21608477 119591825 24268141 2659664 85332203 138315337 47677749 157038849 7138330 81729941 23184307 21590606 25861842 4460795 38512987 33175788 4253365 157246279 61922595 64807560 121185526 26069272
54784265 18930942 21608477 37654454
18 8
252822523 185692228 87835990 21613864 254771958 216607070 3368265 23928278 5667060 258123134 67275977 262269183 277085289 9300978 57829317 89355084 42617173 79908424
9446660 75295643 26608239 47915867 36215453 42028195 97496603 9163918
40 3
119648968 2146965 63784548 13733342 73250460 15880307 112330021 21052289 105011074 54318636 89130767 25346219 7318947 168795622 176114569 30518201 9465912 56465601 32665166 166648657 278978678 79664855 96449714 145596368 199313823 65931513 255779424 110183056 58612566 152915315 23199254 81811820 143449403 86983802 232580170 100717144 102864109 189847911 77517890 191994876
89130767 86983802 79664855
30 5
81102994 36172874 51554770 194478489 39831314 70648663 171241 102938299 9520168 10283090 68616616 58008179 91214843 58925207 78308025 113546736 159239778 35409952 148785447 23686496 6624650 114309658 13078059 55213210 39068392 8757246 84761434 103855327 69379538 104618249
44930120 45693042 29548224 80931753 39068392
62 4
43838032 30141731 978610418 190003707 137541825 166551243 14828614 78173790 106988080 147723730 56460781 81276172 3102382 62665545 71094267 140839335 11531104 48969244 85470199 248022543 181574985 40540522 149268057 88160567 126010721 25907036 48032059 33656127 33439241 62448659 111829917 19022641 129113103 122011822 91674963 173146263 128896217 100103685 18415499 13284287 110285590 25010519 152565567 159449962 21713009 169848753 151021240 15725131 59151149 50722427 219013125 77978662 22125023 27451363 91458077 210584403 108532407 10593919 99886799 188459380 37438140 118714312
40735650 59563163 37438140 29009418
13 2
50967509 4969704 34824840 67110178 108138279 11172965 113107983 16142669 45997805 62140474 57170770 159105788 96965314
45997805 62140474
33 9
214242895 191739244 62084291 27763312 213985208 91486473 243645077 4737832 25488442 185319259 1467039 147235365 197165154 24664350 18302807 48349038 33446909 243387390 1209352 77751220 6800146 86060563 7630110 56658381 99352969 36202328 126636496 156038678 304725993 190745169 178899274 28020999 212962932
6419985 97977901 5425910 257687 31557299 15989935 77392175 91900995 94600343
13 2
228437982 85252260 57933462 101023838 63707072 79478650 164730910 148959332 15771578 5773610 21545188 143185722 69480682
85252260 79478650
13 2
66120140 32205935 10882577 121357703 87443498 21323358 98326075 23031628 33914205 43088512 153563638 89151768 55237563
55237563 32205935
40 9
176492371 35469156 303356906 70441095 115130247 180700288 159207698 113215056 27942894 125863203 15604010 151150958 149812526 61512819 222112048 288888883 357025049 268453987 123822319 347455256 33176237 212741775 216310281 191773812 208059485 280196811 81174051 334346171 189396826 20005983 262734902 218787204 180867377 203017257 419224231 298458676 169279607 109888306 23928940 60985611
53265571 74062376 32566114 17461909 96612955 76261892 46703179 94123779 67733594
80 4
128031289 8220406 139997604 37008742 72588291 82802141 25606678 107039338 98284552 67973564 173824688 23138566 399403848 117817439 97720301 49933458 170308592 166792496 83990355 182185324 69072195 94768456 80244446 128595540 227414472 64367885 136251695 53449554 42277303 19622470 22090582 37572993 40524838 200619580 45793399 35015298 87506451 129219503 143513700 245848728 121563348 70835826 67883981 185226752 102335028 125079444 14828577 18434256 151874336 7262005 72024040 102424611 60711559 10213850 67319730 45229148 219053836 57195463 11966315 61810190 26794892 99383183 97630718 1188214 41713052 155390432 13729946 38761207 76728350 144612331 41089089 15482411 31499202 91022547 4704310 19532887 75540136 44040934 16581042 46417362
45229148 82802141 26794892 30310988
49 4
27032455 130144027 63292653 119156877 125755869 19760835 367785153 50114055 78815270 41863058 118484249 173675845 57385675 63965281 104326274 152246250 136723633 23623674 319865177 70564273 264673581 52997517 312593557 67680811 126428497 74952431 111885257 82224051 79487898 191915229 24296302 247106825 239835205 257401961 209481985 295026801 30895294 127407874 97054654 167076853 199186849 15372677 169813006 225004602 114621410 89783034 216753605 174348473 16045305
72758352 55191596 94860575 47919976
62 10
303655186 52030335 4229435 67193566 33687764 69564986 91749880 121701264 59813234 19061904 112562902 152987495 125128799 14209429 1316195 124725569 97535274 15210650 66959097 70330578 59503885 56979103 99935449 58457874 226978111 81423612 16328101 27451275 124495427 39560769 14443898 44785606 107513574 141992041 177878467 88811858 16034474 96141891 102627621 24092176 151412884 141561526 60579986 99793490 47043822 132448490 225240974 53115819 142731925 283217929 128013646 174228443 67960318 66293946 152179636 33133230 119043614 85882898 99026738 156279805 100237827 89982257
14718279 82806223 766752 49830534 24897792 46322129 79803362 14909338 42493035 59347217
26 5
147706456 30059497 241503759 74108105 126431271 191755064 149422419 57034769 127154836 34115842 76754797 53981374 170479879 22742593 66998365 53050645 63014241 11342419 107714193 26798938 160795668 116747060 17042506 20375286 130487616 197455151
84040871 49748695 44048608 65228393 53732819
55 9
250487145 171098269 57109585 191519973 27876342 17860573 230926032 265903564 56551043 354567939 4719887 54562378 88623993 207215505 44564275 89070502 183708401 2603566 31519234 92706848 43845234 175435990 92010605 81186111 240804135 121921597 155262464 84572723 141677482 394399712 2098447 100624569 285260376 128632441 6594446 217041950 84176200 34018789 48844492 50919486 66077344 177916603 17934252 101748071 201857566 142426326 89020516 145320374 170593150 60110619 88445000 129296512 153851022 230487703 118640109
53514393 93740403 11266127 49162277 41787362 28386653 43785586 98119930 18462049
24 10
211872066 57524663 130862029 194353463 203025691 196842681 122189801 343432291 3243899 33926507 74291921 94596194 171506652 70194192 169147144 105091157 142783344 116823630 17870678 215944322 1130943 93682904 48446867 81926665
12669529 8591740 81010037 36267685 20131568 61701664 96748239 24220252 73294805 19600855
61 9
5856101 114382838 113216657 26578362 141082212 163599162 51492709 182400206 53123660 54297553 83180056 127415174 147162362 97946038 177666394 65087521 39935622 42499808 141719824 976388 105846896 195995018 84351226 125283024 112974601 43439216 720766 218273134 194103194 174499348 37730727 14181013 105827088 158230266 100788026 35075697 28481806 7738711 92424507 145617129 60210288 50766920 55625791 59333758 57186663 276976353 7012922 97789546 758624 168805394 78490102 43424681 56460874 154677024 188127447 171972440 1144820 201163640 100881456 2861478 54702180
27723182 40759375 13594812 73748466 27336986 71690565 61135329 2846977 80981335
31 7
15676182 102643891 3362332 191334105 146980192 32198516 273007725 46684606 34989014 162414322 119782914 65997438 200765668 119092048 118895463 103020612 46370461 125120386 113181270 242052 45722978 128044081 37221843 127667360 49475104 31507650 59969100 38109294 52022078 29651542 45993740
75645282 80982754 89243921 73369070 83887943 19175673 19667491
10 7
32774483 220390298 155227676 29768275 110096823 43348700 118886017 144852981 307010863 32897170
73431425 92083068 16545751 68801443 91639512 8909561 61362455
29 4
19959149 114759471 9128951 112261852 17461530 83803499 77968539 37587304 20893085 39150987 18395466 35089685 4227927 133951309 40084923 31752344 103929273 14963911 86301118 131453690 10062887 11626570 58776701 111327916 78902475 113825535 87235054 106426892 12560506
27524417 2497619 19191838 93866386
66 7
101130649 25750874 177234067 158652660 86111037 142709962 90526446 244024342 36186546 73737543 133568482 231650848 144479253 106396485 159181884 84341746 264161340 118938510 55615248 139290298 158580001 139925935 123036938 141695226 34417255 47319973 177306726 1345460 192859784 119788937 224447190 179003358 160349292 144796234 215780809 212996782 52754340 297518037 17455599 122964279 213842987 31771137 101905285 123496050 155474771 157412593 85581813 87351104 231405436 71725387 156566388 191090493 71872380 194797606 3603395 49966091 170953495 39745209 33325638 53673204 110272129 3676054 5613876 9864848 105688189 54840612
32510492 51164558 88017800 73070847 17807861 16716244 52754340
90 5
101722814 319902127 179824603 161823606 1962855 61405249 35908431 2801010 30050396 86616390 167251520 154183341 65119804 9143337 220142168 206445253 147811352 122629873 245638986 92369190 189252749 12857892 227322650 90616622 63995972 99475150 121506041 70367961 187005085 280708394 182072267 16353481 89492790 66653406 129810355 21087684 180948435 114989608 839023 60281417 49460902 123438366 41156588 11734060 88368958 55547214 41994743 72300286 31174228 221266000 76225996 228446482 43118575 239266997 100598982 194645350 279584562 9981492 162632099 155451617 42280420 359095860 49175225 10267169 254087744 202949664 106685294 147002859 188128917 318778295 195769182 128686523 169004088 15229649 27459673 81188476 24802239 278460730 113865776 3086687 8019505 16783602 26335841 140630870 75102164 260459733 163755931 82312308 83436140 267640215
98636127 39193733 40317565 91455645 14820747
61 4
143109254 86071596 139715142 87939137 3089599 51100102 120970880 80501424 134691125 61757162 61148136 42403874 8113616 130647524 5328530 152176872 125623507 106270219 24072792 69194875 198928860 4719504 21833861 180184598 14024758 115946863 70453390 149391786 77003978 49841587 130038498 9372131 67327334 17790260 304513 111294236 42032484 19048775 161853516 52080518 1563028 32355840 17181234 133432610 189861242 51709128 199537886 68585849 142500228 95748240 70824780 218282148 26857878 144367769 123755966 59518231 78262493 208605504 36534522 60776746 125014481
56428632 73914379 68890362 9676644
87 7
31240677 124152347 147247919 46564710 109527319 55800149 89627551 166872612 87732257 109354991 86278476 48351696 57344674 98409474 23059570 160083855 73294551 29728766 16814874 148261072 2454864 150419791 186417425 29110249 61748081 32018696 114359351 275694 18610921 21238732 107196272 26408645 138461121 68462519 40616778 135363568 125807812 92799423 19826068 171704644 134744989 69167457 116180189 74686764 138746495 34177415 125522438 189153544 84457638 137905670 75115389 60907256 108411419 81681578 136565827 124966987 33621964 43519664 47968573 97396321 193985576 70283357 50127292 188312719 49789411 51396742 161199755 6887385 133073638 33336590 111348157 26070764 131533176 93680189 110232257 39009447 84029013 7286896 59675721 14994036 127628650 5107726 166031787 22628313 120134955 24249926 168693450
38733753 49851598 57620368 51672436 4832032 33195389 28228864
94 5
85757029 56844021 49071617 89498396 119822698 13052725 56680783 51337246 88271674 89217685 26356481 52344458 96253227 72453273 11764802 59174094 79395919 40104186 29792560 84998833 42128971 82668760 25108425 31841922 65928925 69180432 23246878 52159886 72662422 48699230 45610961 75913929 62446935 79023532 12772014 48862468 57947372 45426389 8676533 64680869 43096316 9779884 17552288 93717248 109720221 16325566 7449811 18498299 70147777 119541987 65439065 71414366 91544515 43377027 51972071 5071172 86983751 23059063 92771237 4790461 62166224 34501272 33089978 102986724 105011509 35395474 1943036 46837683 83895482 58893383 98278012 80250254 716314 53571180 74687207 353828930 6038517 118595976 77161985 4176970 65719776 58705568 9499173 38856130 92490526 80290121 16513381 63414280 35114763 39823475 44362905 32122633 50110524 18374928
30324302 6733497 75218949 27051461 49394210
89 10
1451266 49300050 155270904 489447450 79926449 3942981 134564740 833245483 9407198 123270600 225671508 8367851 196377911 2435110 49289777 1461539 228427827 108611233 64303784 94657119 57870446 153346627 227405236 360612914 298664059 40164785 46662378 27223245 115041827 113182634 73893189 221201433 196429815 10120073 53176752 382679446 50339397 226711111 171609708 64922715 62572214 408059462 90221720 73882916 104694652 25487024 17084204 171941153 94646846 178993422 83231217 53092972 121552773 35263505 534804519 65674002 17706290 22095773 209377368 267166900 98560330 122046595 124244171 107989558 289354091 99486241 307059496 89061714 111031071 309861854 267177173 71356053 20615266 155281177 102003254 174568552 18098253 39772822 35949871 130677765 215927430 29643083 101992981 79936722 103804677 23306664 4982328 54614623 245221027
86289268 45357069 22066532 89153132 68794393 13132345 61948855 58698378 94027622 40693994
90 9
32820927 7888359 93124013 17973035 85007354 67481795 55849416 86725384 79031724 2942430 105614189 22209850 11018892 111334876 206706350 144798731 139838042 286602632 204794592 109418176 9935490 108910221 7032833 158745293 252198648 137720612 23024923 224420983 278526170 59455674 71680334 89283830 26659224 37603298 105867201 81257709 279901501 19280662 134512242 36778539 127832011 153401476 43830428 7361958 124197710 164260949 42651314 39198982 61573104 279905373 133775085 295736291 64131550 261257495 156314277 115918577 155577120 37599426 260275110 222537268 183354785 6058203 239455460 5110201 142450701 162077092 236805815 23838193 44304429 211495723 104633745 129044567 230396613 9643561 232754329 32497851 118036007 174695127 3940773 407815 37398267 288743231 145746733 210057236 59200302 92650012 114078395 83375139 114885851 315362682
21802035 56462903 19626391 55988902 6701131 65784906 74369752 98979244 75428467
61 10
28123572 298917872 169908048 137659502 66248871 102478721 50995647 107011790 72563865 47565994 14487642 176989402 79701968 128549679 57624060 36669763 100041673 51707908 103211577 193915011 130526337 12345150 79469578 66426254 37281946 72067230 72294170 145067300 13657424 65216203 122989392 18339012 6701898 23705377 167844053 37846245 87737802 14430038 50877690 104542716 191753566 192279554 128857308 88271772 149129 106597039 137531634 151382294 88341561 170434036 158598233 1368551 42075496 216747626 144834910 264200252 126388234 883539 101451503 137929197 71986541
78818429 46266065 62564673 3827877 70199068 61227229 6555366 17358810 30817357 32682666
13 2
152476753 63980824 130696458 2734810 42200529 21780295 85761119 19045485 66715634 108916163 290883089 88495929 44935339
66715634 63980824
80 8
128757941 4077836 211798021 36688781 20061895 217317800 3438828 20273742 209912525 111956296 16746869 53738675 141843479 108720137 18922817 111690148 83113461 11993537 33837804 22693809 61143950 237644894 106350947 294878102 112771809 202507250 55538601 54456940 138839818 69889828 11517542 19905419 41944674 227073204 27679017 77295103 298010086 7883259 15288534 118377158 35084292 13042842 77506950 23395404 27310694 216071312 170541591 52644946 60283684 12500144 29283506 86797721 267145733 239058476 171075000 180280201 38310391 18815407 63838451 259740458 187237637 93563988 25880253 5997763 111124642 162434721 169839996 51486929 181825268 53891434 72865336 113756222 84912225 12656620 355243294 13403038 110971883 34539399 158838104 43830170
58479696 7405275 1885496 99561751 5605349 91788153 61900970 44995150
87 7
47593373 236461607 32753651 115482181 24382141 143784858 134234499 104729165 26987210 98986189 133552105 747522 15688359 184417260 178650819 5133368 69772220 7196357 46235983 44847990 58687178 202278040 52238343 50554320 88047577 36117679 16133079 70569063 10574804 121370092 69886669 32868100 122498961 22137194 7700553 201595646 187666839 98303795 126193260 74148913 54308730 6198111 50614431 63323385 29792704 96233408 87747449 31480107 129889314 69204275 149551299 16370753 44165596 104070236 45163842 33550494 25625082 33436045 116050126 53359814 149665748 63437834 127818927 64213945 144467252 190923816 58209830 45846236 107319815 97621401 135622492 123440479 51296825 230012772 81094546 176580432 61170777 156114583 177968425 4450974 35703102 15926668 64120228 150233693 87543381 125510866 54042208
28417126 52044347 682394 74459113 32113180 35601068 2070387
40 4
23935257 167233139 8693346 18131980 96126178 52409762 81629555 19215940 90322901 162513822 38997099 13412663 15061842 110104060 4719317 37913139 57129079 19781159 129320000 57694298 134039317 43716416 95042218 48255664 28474505 138758634 100845495 52974981 114823377 61848396 28654574 105564812 24500476 33193822 76910238 48435733 72190921 171952456 105384743 85603584
4719317 76910238 33193822 57129079
78 4
89506816 37864015 212472866 107639885 130525159 12387 103120401 122978437 41030730 62229148 37991105 145736621 92546441 218552116 104600260 84987332 31784765 100080776 153283343 215512491 69775870 92521667 226098838 65256386 22758184 47123317 133564784 54682426 127485534 30444383 34951480 27277668 160830065 84974945 223059213 3039625 30317293 97041151 62216761 207965769 12066206 57709664 211005394 68296011 4519484 220019588 33484008 95561292 15105831 10586347 112392090 204926144 42371112 154763202 39331487 77428223 60749289 54670039 53202567 27404758 119938812 81947707 3052012 34824390 7559109 50162942 19858036 80467848 97053538 3027238 115431715 88026957 18145456 100093163 24238043 88014570 45410737 30304906
3039625 92534054 7546722 65268773
50 6
185531742 24520694 115184532 105976807 2495135 264969854 46566723 32189942 16977572 258222786 182954262 151459775 104997809 50736311 186327796 188788453 111810998 185414919 32372886 42376665 10882178 40434981 16181518 129434216 192958041 110146395 70925842 262392374 75303002 20351106 189584507 108554287 178784674 70312732 192161987 38207077 184618865 119354120 1674453 74482320 97328561 6712590 3474133 170136428 187992399 112723875 179397784 49940257 45770669 93158973
76977455 72807867 73603921 94833426 39719056 47388304
16 4
107830016 65263434 44942782 43260038 165724745 5928495 91714546 21256642 79204669 54383003 58884017 22696852 80591581 76386399 33819817 10133677
42566582 11122965 33126361 91021090
35 10
58252005 31798418 67605733 140801381 111425843 44153126 51959058 16768094 144394789 22323406 20458500 23834564 102969829 185094445 113454920 117961582 134722772 14360826 90874399 153807468 108548903 228080331 307253933 343099819 126720285 176647267 172739737 94097891 192234445 159383506 52613980 147271729 55212392 16608755 77609034
50837639 12354708 68759311 23586380 93694052 36503797 66152962 57333390 22146532 57174051
60 6
129088997 248554195 97077820 171107736 209123909 161208453 211712362 146921203 94489367 195808083 99666273 68596103 201855891 25180139 119189714 93296450 39022288 49586476 4038277 209860608 21722473 83307465 29094023 98473356 55591472 58179925 1138629 42936172 175919815 197001000 168519283 141744297 63873726 53884741 223835271 164516717 181096721 121778167 253731101 114377635 122514866 41538947 51073403 47748251 206535456 151219468 36404853 256907 140270899 191824094 37759266 135093993 88484371 124366620 154982261 67636519 221246818 72154588 194412547 26017657
97334727 14711362 2588453 56730101 68116311 32162268
83 10
276051836 9073285 2106465 247709411 32378449 29006940 101725434 32860823 40186690 174675536 352249865 277140393 46608206 188557766 26007311 233467510 69637064 182142418 60281911 1157883 7705618 98695477 115296162 113448294 188232626 49102161 66036187 190935430 43292915 274104744 102827014 135015846 162593005 349214216 228799067 136910692 153986577 27717542 455326225 11599253 15444423 9681936 113123154 8110381 197105405 348099157 83219853 257141492 99977765 202115180 336919407 73951589 245961742 308576982 229096049 124467579 15954811 231863942 99566064 51121428 380216753 261809935 36452806 77215937 70353052 199577051 169744030 15436212 172599939 200942364 59154661 223199914 192592183 18795660 30940542 85879965 351874328 215621041 426983800 84791408 212020164 106050014 85517451
90957665 77769584 37215204 28342425 45276451 77374876 34948408 477562 5589875 96556818
26 9
195566597 42533617 200646710 167467144 210469112 60643623 291693666 119525851 50085086 131916673 173225737 57539056 156184731 58678872 121490602 112535771 229407224 115756110 30118524 196462348 32010647 352134023 164648198 1115343 160069774 31030522
70722957 9983281 81831587 10695615 97144814 87217491 83918108 77534694 34512635
13 2
31108603 84692754 37775103 213827111 176052008 500758827 46917651 129134357 53584151 138276905 6666500 44441603 122467857
91359254 37775103
47 7
143193608 111715123 30294979 110870070 17044188 27733674 182342236 234793620 4752559 147427356 18634165 82248233 35991124 184774272 352977554 305918863 46806421 305948900 331472771 17099611 132030924 153883094 209187747 168108629 152293117 60057212 239580795 182050272 124120861 103701051 25009674 248336375 55562001 2818653 38205042 209531676 132722240 195936956 68653513 282642405 82048789 57495907 253175515 53631511 163269489 7657793 209561713
52743348 96387187 39148628 67939872 99802039 42533443 19570877
13 2
45786664 85526948 24911320 6046380 60615628 106402292 39740284 64651604 18864940 20875344 26921724 66662008 14828964
39740284 20875344
41 6
3354912 31801280 13454812 3397003 104509799 120177542 70556194 90302894 106212873 50893676 69420742 7843645 109481972 55233384 81796842 16766002 90344985 87033795 144154724 108540136 15824166 123711421 109524063 113777089 107820989 69656449 86049868 85108032 124430568 105228946 12512976 113734998 93614084 89361058 110465899 143609646 249017559 112793162 117046188 249959395 51438754
4253026 61812804 58501614 23432104 77264387 97427392
59 10
322150154 66283846 90258694 160334899 341606003 184837141 7292426 217007078 192022060 120371154 157186127 133496551 294496579 16798431 178739749 262272160 155687571 149113104 44756034 40889288 136466893 57473689 115888327 111240999 116487989 192916221 87097404 132767588 185442860 155980599 15371506 157915090 61252804 55685367 116016854 220793248 99885434 69644530 208991098 65554883 14765787 91580659 98393269 45483966 291898805 131604515 71217143 130222439 285642999 95500306 192847459 96229269 133095270 62097099 53740110 129810350 76515240 165135184 229175910
39963745 24090857 99689558 44446572 8079080 68125340 96424759 40115926 81446032 48509396
40 3
47983645 119916916 32577955 63434015 150817656 56572261 8588616 32533275 48028325 71977951 102834011 24038986 119961596 104511226 87383641 41121891 87428321 104555906 78839705 135411966 15405690 23949626 89105536 54850366 39399996 39444676 56527581 63389335 71933271 8543936 15450370 135367286 44680 72022631 23994306 47938965 6861754 17127585 30856060 120006276
47983645 15450370 71977951
13 3
61623328 19564017 100751362 81187345 57572948 4050380 23614397 85237725 77136965 104801742 43178414 38008931 124365759
19564017 81187345 23614397
61 5
104165046 89144826 175154209 184389094 163717424 50768986 230266451 183137776 121718145 196950183 290986638 16244905 201433824 76540232 288611016 375788208 55912067 55169118 57119880 17496223 178737644 3683816 122417589 105372859 124836716 282959566 69680969 90861008 136229996 310406990 123585398 129276852 69724474 231474264 23803612 44475282 49561173 110281360 198201501 97211902 216454044 109816496 129701712 111024309 303631236 168161061 144297072 55868562 95960584 2432498 34540953 271566286 75332419 83493376 249686803 35748766 122925958 36408206 91560452 20728546 169368874
52736620 73364785 72156972 87177192 40092022
13 2
65349725 34779210 33729351 163378942 129649591 94870381 68508561 99079076 64299866 4208695 193949457 30570515 132808427
64299866 30570515
67 8
204384698 201640505 145392464 122572222 35127819 158513573 177642155 37090904 16862345 174146624 182040124 180123687 177353056 5208443 153092045 73908372 63945334 151710490 42972958 36913692 91871738 262661234 148136657 45361194 44770104 10010730 64489776 148917765 132119498 37872012 119733020 18713660 129375305 178056033 39148998 211545622 180848758 16401671 149189986 230778773 121010006 7266537 20948966 100237037 151661958 36404805 33660612 76652565 62159461 124630316 161257766 180800226 102904983 7952636 75949588 90592868 119779497 18376029 47514297 18204773 7775424 34807066 62733470 64903654 233522966 17501796 102981230
84605201 29138268 81861008 84700210 55194712 50701734 413878 13515821
0 0
